99999991241
99999991273
99999991403
99999991435
99999991467
99999991499
99999991629
99999992051
99999992083
99999992213
99999992245
99999992277
99999992407
99999992439
99999993023
99999993055
99999993087
99999993217
99999993249
99999994027
99999994059
99999994961
99999994993
99999995771
99999995901
99999995933
99999995965
99999995997
99999996581
99999996711
99999996743
99999996775
99999996905
99999996937
99999996969
99999997391
99999997521
99999997553
99999997585
99999997715
99999997747
99999997779
99999997909
99999998331
99999998363
99999998395
99999998525
99999998557
99999998589
99999998719
99999999141
99999999173
99999999303
99999999335
99999999367
99999999399
99999999529
